11111111111111111111111111111111111111111111111111111111
11111111111111111111111111111111111111111111111111111111
11111111111111111111111111111111111111111111111111111111
11111111111111111111111111111111111111111111111111111111
11111111111111111111111111111111111111111111111111111111
11111111111111111111111111111111111111111111111111111111
11111111111111111111111111111111111111111111111111111111
11111111111111111111111111111111111111111111111111111111
11111111000000000000000000000000000000000000000011111111
11111111000000000000000000000000000000000000000011111111
11111111000000000000000000000000000000000000000011111111
11111111000E00000000000000000000000000000000000011111111
11111111000000000000000000000000000000000000000011111111
11111111000000000000000000000000000000000000000011111111
11111111000000000000000000000000000000000000000011111111
11111111000000000000000000000000000000000000000011111111
11111111000000000000000000000000000000000000000011111111
11111111000000000000000000000000000000000000000011111111
11111111000000000000000000000000000000000000000011111111
11111111000000000000000000000000000000000000000011111111
11111111000000000000000000000000000000000000000011111111
11111111000000000000000000000000000000000000000011111111
11111111000000000000000000000000000000000000000011111111
11111111000000000000000000000000000000000000000011111111
11111111000000000000000000000000000000000000000011111111
11111111000000000000000000000000000000000000000011111111
11111111000000000000000000000000000000000000000011111111
11111111000000000000000000000000000000000000000011111111
11111111000000000000000000000000000000000000000011111111
11111111000000000000000000000000000000000000000011111111
11111111000000000000000000000000000000000000000011111111
11111111000000000000000000000000000000000000000011111111
11111111000000000000000000000000000000000000000011111111
11111111000000000000000000000000000000000000000011111111
11111111000000000000000000000000000000000000000011111111
11111111000000000000000000000000000000000000000011111111
11111111000000000000000000000000000000000000000011111111
11111111000000000000000000000000000000000000000011111111
11111111000000000000000000000000000000000000000011111111
11111111000000000000000000000000000000000000000011111111
11111111000000000000000000000000000000000000000011111111
11111111000000000000000000000000000000000000000011111111
11111111000000000000000000000000000000000000000011111111
11111111000000000000000000000000000000000000000011111111
11111111000000000000000000000000000000000000000011111111
11111111000000000000000000000000000000000000000011111111
11111111000000000000000000000000000000000000000011111111
11111111000000000000000000000000000000000000000011111111
11111111000000000000000000000000000000000000000011111111
11111111000000000000000000000000000000000000000011111111
11111111000000000000000000000000000000000000000011111111
11111111000000000000000000000000000000000000000011111111
11111111000000000000000000000000000000000000000011111111
11111111000000000000000000000000000000000000000011111111
11111111000000000000000000000000000000000000000011111111
11111111000000000000000000000000000000000000000011111111
11111111000000000000000000000000000000001111111111111111
11111111000000000000000000000000000000001111111111111111
11111111000000000000000000000000000000001111111111111111
11111111000000000000000000000000000000001111111111111111
11111111000000000000000000000000000000001111111111111111
11111111000000000000000000000000000000001111111111111111
11111111000000000000000000000000000000001111111111111111
11111111000000000000000000000000000000001111111111111111
11111111111111111111111111111111111111111111111111111111
11111111111111111111111111111111111111111111111111111111
11111111111111111111111111111111111111111111111111111111
11111111111111111111111111111111111111111111111111111111
11111111111111111111111111111111111111111111111111111111
11111111111111111111111111111111111111111111111111111111
11111111111111111111111111111111111111111111111111111111
11111111111111111111111111111111111111111111111111111111
